RECT 1 79 32 99 6
RECT 36 0 66 29 6
RECT 71 70 99 99 6
RECT 1 4 30 32 6
RECT 80 0 99 32 6
RECT 34 64 66 92 1
RECT 39 86 71 99 6
RECT 34 26 62 58 5
RECT 60 20 85 37 5
RECT 88 40 99 67 6
RECT 10 18 38 33 5
RECT 1 58 11 90 6
RECT 54 0 79 17 6
RECT 61 59 84 78 1
RECT 9 0 40 8 6
RECT 1 40 9 63 6
RECT 26 82 45 99 6
RECT 89 27 99 46 6
RECT 40 55 71 60 5
RECT 0 27 4 53 6
RECT 22 61 35 78 1
RECT 41 24 62 30 0
RECT 0 60 16 89 6
RECT 37 81 60 85 0
RECT 30 0 47 18 6
RECT 33 42 65 49 0
RECT 86 18 89 40 0
RECT 16 33 35 37 5
RECT 9 25 10 55 2
RECT 87 32 90 57 2
RECT 41 36 52 49 5
RECT 0 0 8 4 6
RECT 18 52 40 57 5
RECT 10 38 12 63 2
RECT 13 19 14 31 0
RECT 3 33 8 51 6
RECT 88 65 99 77 6
RECT 35 85 67 89 2
RECT 60 53 81 56 5
RECT 0 6 3 38 6
RECT 26 89 58 91 6
RECT 4 73 27 82 6
RECT 22 41 45 52 0
RECT 13 15 28 16 2
RECT 59 41 87 51 0
RECT 13 53 18 67 0
RECT 69 15 90 18 2
RECT 75 76 82 80 2
RECT 9 19 11 38 2
RECT 23 71 30 79 0
RECT 42 71 59 82 1
RECT 34 19 42 24 2
RECT 44 23 57 26 2
RECT 20 87 39 93 6
RECT 88 14 90 36 2
RECT 71 74 80 80 0
RECT 36 51 52 60 5
RECT 31 80 36 84 2
RECT 50 65 51 80 0
RECT 61 88 82 89 6
RECT 11 17 27 18 0
RECT 0 77 16 99 6
RECT 40 8 67 23 6
RECT 60 35 78 39 5
RECT 19 60 29 67 1
RECT 10 17 12 23 2
RECT 82 66 87 71 0
RECT 44 30 55 43 5
RECT 45 55 49 57 0
RECT 13 63 15 71 2
RECT 47 83 55 85 0
RECT 56 59 77 61 0
RECT 87 32 87 49 0
RECT 42 14 74 16 6
RECT 88 54 89 67 2
RECT 41 82 71 84 0
RECT 28 67 30 77 1
RECT 76 79 82 81 2
RECT 12 33 15 51 0
RECT 76 18 87 19 0
RECT 81 24 84 41 5
RECT 88 22 88 31 0
RECT 26 24 35 38 5
RECT 62 20 73 21 0
RECT 64 38 72 53 0
RECT 15 34 18 39 5
RECT 31 61 46 63 0
RECT 78 73 85 78 2
RECT 58 63 81 74 1
RECT 17 58 19 62 1
RECT 37 41 39 48 1
RECT 62 31 69 32 0
RECT 14 69 18 73 2
RECT 0 39 2 59 6
RECT 58 44 73 52 0
RECT 51 33 73 38 5
RECT 53 57 63 59 5
RECT 84 76 88 99 6
RECT 82 56 85 58 1
RECT 18 72 22 76 2
RECT 4 12 9 26 6
RECT 26 55 33 58 5
RECT 67 78 68 80 1
RECT 46 53 54 58 0
RECT 68 61 76 65 1
RECT 35 29 48 30 0
RECT 85 43 87 54 0
RECT 38 9 62 20 6
RECT 71 33 76 34 0
RECT 51 57 67 58 5
RECT 69 81 75 85 2
RECT 80 51 85 54 5
RECT 52 75 59 82 1
RECT 86 67 87 73 2
RECT 23 77 30 81 2
RECT 81 80 83 88 6
RECT 7 71 15 98 6
RECT 18 41 40 43 0
RECT 60 23 64 24 0
RECT 10 19 12 33 2
RECT 12 31 14 48 0
RECT 65 13 90 14 6
RECT 20 56 21 61 0
RECT 59 42 60 50 1
RECT 86 22 88 43 0
RECT 78 14 88 17 2
RECT 53 50 54 59 5
RECT 15 80 24 90 6
RECT 15 51 20 53 5
RECT 28 67 32 69 0
RECT 84 37 85 44 5
RECT 71 85 86 95 6
RECT 30 63 32 66 0
RECT 67 66 70 68 0
RECT 79 16 85 17 0
RECT 39 39 50 41 5
RECT 73 70 76 75 1
RECT 14 16 23 16 0
RECT 29 18 35 19 2
RECT 80 55 87 56 0
RECT 31 68 32 80 1
RECT 79 19 84 25 5
RECT 55 26 60 29 0
RECT 16 56 17 58 1
RECT 79 47 80 48 1
RECT 22 35 23 49 0
RECT 44 49 47 50 5
RECT 45 24 53 27 2
RECT 27 25 37 29 5
RECT 69 45 70 45 1
RECT 57 75 70 79 1
RECT 13 14 27 14 2
RECT 29 19 33 22 0
RECT 77 1 79 14 6
RECT 24 71 25 72 1
RECT 37 63 40 74 1
RECT 25 33 29 33 0
RECT 58 89 66 99 6
RECT 69 80 71 83 0
RECT 1 6 14 14 6
RECT 76 31 81 37 5
RECT 67 18 69 20 2
RECT 57 50 61 51 0
RECT 57 46 61 47 1
RECT 15 44 15 67 0
RECT 69 40 69 48 1
RECT 80 58 83 66 1
RECT 8 75 18 97 6
RECT 29 21 32 26 5
RECT 28 16 32 18 2
RECT 35 88 42 93 6
RECT 25 3 34 14 6
RECT 32 59 41 59 5
RECT 82 41 83 42 0
RECT 75 44 81 48 1
RECT 79 45 83 45 0
RECT 78 75 80 76 0
RECT 80 38 81 44 0
RECT 51 32 64 39 5
RECT 66 84 68 86 2
RECT 12 40 36 43 0
RECT 40 24 46 25 2
RECT 60 26 83 28 5
RECT 87 72 99 99 6
RECT 0 1 27 5 6
RECT 76 44 76 50 1
RECT 57 63 67 79 1
RECT 30 2 57 16 6
RECT 63 20 72 21 0
RECT 10 73 16 94 6
RECT 61 42 66 52 0
RECT 10 81 26 99 6
RECT 69 69 71 73 0
RECT 5 69 13 81 6
RECT 34 84 38 85 2
RECT 79 63 81 65 0
RECT 82 70 84 72 0
RECT 66 23 72 24 5
RECT 59 42 61 44 0
RECT 85 53 85 61 1
RECT 82 79 99 79 6
RECT 88 9 99 14 6
RECT 43 9 69 17 6
RECT 16 18 24 23 5
RECT 11 61 12 65 2
RECT 90 14 93 16 6
RECT 31 30 38 31 0
RECT 15 43 21 47 1
RECT 68 40 78 41 0
RECT 15 15 16 16 2
RECT 39 21 41 26 2
RECT 52 60 62 60 7
RECT 28 84 31 99 6
RECT 88 45 90 61 2
RECT 15 40 19 44 0
RECT 75 84 99 99 6
RECT 18 55 19 69 0
RECT 75 42 75 49 0
RECT 60 21 65 21 2
RECT 61 60 66 60 0
RECT 54 23 60 23 2
RECT 31 51 40 51 0
RECT 83 78 98 90 6
RECT 15 40 15 58 0
RECT 30 26 33 30 5
RECT 9 50 12 53 2
RECT 13 59 13 62 2
RECT 66 19 70 19 2
RECT 77 56 77 62 0
RECT 30 80 34 83 2
RECT 42 35 48 42 5
RECT 24 38 25 39 5
RECT 85 75 99 99 6
RECT 67 62 68 69 0
RECT 45 18 67 18 6
RECT 26 76 28 78 0
RECT 28 46 29 47 1
RECT 85 50 85 55 0
RECT 44 84 46 85 0
RECT 55 43 67 43 0
RECT 52 45 54 49 0
RECT 44 11 60 21 6
RECT 11 86 35 99 6
RECT 35 6 64 18 6
RECT 27 59 30 60 0
RECT 58 44 61 48 1
RECT 65 68 67 76 1
RECT 13 47 16 48 0
RECT 61 47 67 49 0
RECT 50 62 51 76 0
RECT 28 40 29 45 1
RECT 35 65 43 80 1
RECT 15 22 19 36 5
RECT 24 29 26 37 5
RECT 42 34 71 34 5
RECT 40 71 45 81 1
RECT 77 52 83 54 5
RECT 77 17 81 18 0
RECT 50 66 51 84 0
RECT 42 12 55 23 6
RECT 42 61 47 61 7
RECT 11 79 23 99 6
RECT 42 61 43 63 0
RECT 37 30 66 30 0
RECT 38 58 46 60 5
RECT 62 22 70 22 0
RECT 32 21 34 23 0
RECT 12 40 33 42 0
RECT 87 34 87 60 0
RECT 59 80 62 81 1
RECT 28 44 29 48 1
RECT 55 50 75 50 0
RECT 22 59 24 64 1
RECT 49 30 49 32 5
RECT 71 73 72 80 0
RECT 87 63 87 67 2
RECT 85 70 86 74 2
RECT 62 40 70 41 0
RECT 70 43 70 44 1
RECT 22 34 22 35 5
RECT 29 77 32 80 0
RECT 71 67 79 70 1
RECT 44 54 47 55 0
RECT 21 66 24 69 1
RECT 68 44 68 47 1
RECT 52 56 74 56 5
RECT 31 70 49 77 1
RECT 39 47 41 47 1