RECT 356 201 388 231 1
RECT 74 9 106 40 1
RECT 275 146 306 178 1
RECT 315 304 347 336 1
RECT 83 228 115 259 1
RECT 124 339 153 371 1
RECT 356 0 388 31 1
RECT 314 108 345 139 1
RECT 284 89 316 121 1
RECT 17 300 49 330 1
RECT 126 187 158 219 1
RECT 363 340 392 372 1
RECT 325 271 356 303 1
RECT 366 98 397 129 1
RECT 12 241 44 270 1
RECT 202 11 232 43 1
RECT 53 253 85 282 1
RECT 277 177 308 209 1
RECT 320 140 352 172 1
RECT 327 58 359 87 1
RECT 213 339 245 370 1
RECT 84 193 116 225 1
RECT 0 139 31 169 1
RECT 108 35 137 67 1
RECT 25 335 57 367 1
RECT 306 213 337 245 1
RECT 67 296 98 326 1
RECT 13 28 45 59 1
RECT 9 76 40 108 1
RECT 183 339 215 368 1
RECT 48 190 78 221 1
RECT 239 281 270 313 1
RECT 351 146 383 175 1
RECT 364 295 394 326 1
RECT 4 178 33 210 1
RECT 278 228 308 259 1
RECT 273 3 303 31 1
RECT 344 33 376 65 1
RECT 215 262 247 293 1
RECT 118 6 147 37 1
RECT 329 176 360 208 1
RECT 247 335 278 365 1
RECT 161 221 187 252 1
RECT 20 104 50 136 1
RECT 196 283 228 314 1
RECT 318 6 350 36 1
RECT 106 72 138 102 1
RECT 4 277 36 306 1
RECT 18 212 50 239 1
RECT 23 3 54 34 1
RECT 361 240 392 269 1
RECT 29 372 61 399 1
RECT 250 104 282 134 1
RECT 118 239 150 270 1
RECT 172 2 204 33 1
RECT 323 334 355 365 1
RECT 59 333 91 362 1
RECT 241 15 267 47 1
RECT 299 245 330 277 1
RECT 362 373 394 399 1
RECT 85 258 117 287 1
RECT 260 315 288 346 1
RECT 93 115 122 146 1
RECT 5 366 31 398 1
RECT 155 306 182 331 1
RECT 70 37 100 69 1
RECT 330 244 361 276 1
RECT 247 230 279 258 1
RECT 333 369 363 398 1
RECT 356 55 385 87 1
RECT 225 307 253 336 1
RECT 57 221 80 252 1
RECT 367 173 399 196 1
RECT 271 264 303 292 1
RECT 22 152 53 183 1
RECT 161 348 187 378 1
RECT 292 58 324 86 1
RECT 267 364 292 394 1
RECT 357 267 387 298 1
RECT 197 310 221 339 1
RECT 272 118 304 146 1
RECT 348 90 375 119 1
RECT 300 184 331 214 1
RECT 43 32 75 63 1
RECT 118 100 149 132 1
RECT 167 281 199 313 1
RECT 33 267 63 298 1
RECT 84 302 116 333 1
RECT 191 36 222 64 1
RECT 332 215 362 245 1
RECT 4 49 33 80 1
RECT 173 206 204 229 1
RECT 151 327 182 357 1
RECT 353 120 385 149 1
RECT 110 205 139 237 1
RECT 378 36 399 68 1
RECT 240 365 272 396 1
RECT 316 84 345 115 1
RECT 52 5 83 36 1
RECT 103 353 135 375 1
RECT 2 340 22 366 1
RECT 184 265 215 294 1
RECT 298 155 330 185 1
RECT 245 248 271 279 1
RECT 52 305 79 333 1
RECT 121 260 152 291 1
RECT 264 78 292 105 1
RECT 50 162 78 192 1
RECT 277 204 309 227 1
RECT 337 308 365 338 1
RECT 305 15 334 47 1
RECT 141 6 172 31 1
RECT 66 123 97 149 1
RECT 294 384 325 399 1
RECT 376 80 399 103 1
RECT 250 135 271 160 1
RECT 106 176 131 206 1
RECT 200 243 230 273 1
RECT 101 378 133 399 1
RECT 269 301 296 333 1
RECT 148 373 178 399 1
RECT 153 244 169 273 1
RECT 220 26 247 56 1
RECT 362 315 392 346 1
RECT 22 179 52 211 1
RECT 2 207 25 233 1
RECT 100 3 130 32 1
RECT 4 309 36 337 1
RECT 125 163 155 190 1
RECT 380 198 399 230 1
RECT 385 135 399 167 1
RECT 211 0 241 14 1
RECT 178 308 198 339 1
RECT 0 119 23 147 1
RECT 270 13 294 43 1
RECT 123 64 155 89 1
RECT 61 382 93 399 1
RECT 0 251 20 275 1
RECT 2 5 27 30 1
RECT 209 371 234 398 1
RECT 182 372 207 399 1
RECT 85 88 117 115 1
RECT 68 282 100 303 1
RECT 385 267 399 295 1
RECT 373 235 399 261 1
RECT 140 218 169 239 1
RECT 133 312 160 338 1
RECT 162 34 189 55 1
RECT 200 207 232 235 1
RECT 268 168 300 199 1
RECT 37 82 68 114 1
RECT 304 129 328 155 1
RECT 311 268 333 300 1
RECT 241 1 273 14 1
RECT 384 10 399 39 1
RECT 15 136 47 152 1
RECT 228 215 258 244 1
RECT 103 287 131 309 1
RECT 42 246 61 275 1
RECT 1 100 29 125 1
RECT 49 356 75 374 1
RECT 79 181 100 207 1
RECT 139 119 171 143 1
RECT 117 374 147 399 1
RECT 59 114 90 146 1
RECT 100 50 114 81 1
RECT 0 165 27 195 1
RECT 346 338 365 368 1
RECT 243 98 273 126 1
RECT 0 219 17 249 1
RECT 301 0 326 19 1
RECT 386 341 399 370 1
RECT 347 176 375 201 1
RECT 283 335 294 367 1
RECT 0 31 12 51 1
RECT 273 67 295 79 1
RECT 300 365 319 397 1
RECT 147 55 165 78 1
RECT 37 283 66 305 1
RECT 393 309 399 341 1
RECT 277 319 303 346 1
RECT 34 214 56 246 1
RECT 226 238 243 270 1
RECT 346 109 353 141 1
RECT 82 1 113 26 1
RECT 257 144 274 171 1
RECT 140 74 155 105 1
RECT 221 294 246 323 1
RECT 78 208 110 231 1
RECT 370 59 399 86 1
RECT 326 0 355 30 1
RECT 0 63 29 95 1
RECT 91 134 120 163 1
RECT 153 235 182 266 1
RECT 106 343 123 365 1
RECT 212 225 229 235 0
RECT 196 381 226 385 0
RECT 237 313 268 343 1
RECT 230 377 262 399 1
RECT 357 222 389 252 1
RECT 390 376 399 399 1
RECT 131 0 159 15 1
RECT 0 300 23 331 1
RECT 322 185 353 217 1
RECT 131 347 161 379 1
RECT 342 297 370 321 1
RECT 371 110 399 137 1
RECT 309 42 335 71 1
RECT 315 334 326 351 1
RECT 72 383 104 399 1
RECT 260 392 289 399 1
RECT 268 250 296 265 1
RECT 318 365 348 397 1
RECT 155 0 178 19 1
RECT 51 0 82 32 1
RECT 289 13 305 42 1
RECT 1 336 32 357 1
RECT 3 1 32 19 1
RECT 183 225 204 246 1
RECT 331 19 358 46 1
RECT 40 316 64 345 1
RECT 1 373 19 396 1
RECT 213 11 241 30 1
RECT 371 159 399 181 1
RECT 379 0 399 16 1
RECT 98 29 124 54 1
RECT 252 92 279 120 1
RECT 339 72 369 102 1
RECT 0 270 16 297 1
RECT 159 293 166 325 1
JOKER 66 71 78 77
RECT 230 380 250 387 0
JOKER 132 380 159 382
RECT 265 275 285 304 1
RECT 23 346 53 374 1
JOKER 74 78 79 93
RECT 21 271 52 294 1
RECT 220 321 248 347 1
RECT 172 25 201 57 1
RECT 39 148 63 170 1
JOKER 60 91 75 96
RECT 193 1 212 32 1
RECT 23 66 47 92 1
RECT 152 36 183 40 0
RECT 283 99 314 129 1
RECT 69 150 95 170 0
RECT 310 286 323 312 1
JOKER 66 97 90 100
JOKER 94 73 99 86
RECT 80 327 106 341 1
RECT 264 337 296 363 1
JOKER 87 381 133 382
RECT 386 294 399 322 1
JOKER 245 0 343 0
RECT 187 364 212 373 1
JOKER 70 93 99 95
RECT 149 145 178 172 0
JOKER 108 383 188 383
RECT 267 0 299 17 1
RECT 125 302 143 315 0
RECT 358 29 387 55 1
JOKER 63 79 74 84
RECT 104 0 132 22 1
JOKER 91 379 138 380
JOKER 301 379 322 382
RECT 176 382 202 387 0
JOKER 306 383 351 384
JOKER 293 59 323 61
RECT 83 180 108 207 1
JOKER 160 137 172 143
RECT 0 349 18 379 1
RECT 331 161 352 177 1
RECT 248 12 271 44 1
JOKER 114 134 141 136
JOKER 55 83 64 90
RECT 113 236 138 260 1
JOKER 144 115 154 121
RECT 263 226 285 229 1
JOKER 90 77 94 95
RECT 157 43 185 58 1
JOKER 55 94 57 126
JOKER 230 238 256 240
JOKER 326 50 336 55
RECT 286 65 317 91 1
JOKER 82 65 84 95
RECT 97 269 122 290 1
RECT 141 286 165 295 0
RECT 133 31 142 57 1
JOKER 247 381 269 384
JOKER 70 110 93 113
RECT 0 197 9 218 1
RECT 266 170 290 202 1
JOKER 151 140 158 146
JOKER 11 0 104 0
RECT 51 351 81 375 1
RECT 290 253 317 285 1
JOKER 43 67 65 70
JOKER 69 120 80 127
JOKER 125 333 138 338
JOKER 201 246 209 252
JOKER 120 313 135 318
RECT 0 79 12 110 1
JOKER 55 147 77 149
RECT 177 274 185 286 1
JOKER 178 260 202 263
JOKER 109 154 120 161
JOKER 324 381 337 387
RECT 158 384 182 399 1
RECT 390 231 399 256 1
JOKER 95 151 100 166
JOKER 99 69 103 88
JOKER 73 116 86 121
RECT 75 224 104 255 1
JOKER 65 382 90 384
JOKER 86 63 88 94
RECT 0 53 3 78 1
RECT 228 351 258 379 1
JOKER 219 237 235 241
JOKER 45 77 65 80
RECT 137 249 161 277 1
JOKER 72 102 91 105
JOKER 209 222 224 227
JOKER 46 62 62 65
JOKER 32 61 50 65
JOKER 54 73 81 75
JOKER 157 206 189 208
RECT 327 397 358 399 1
RECT 373 187 399 210 1
RECT 1 389 29 399 1
JOKER 152 86 162 93
JOKER 162 214 172 221
RECT 289 303 299 332 1
JOKER 36 71 53 75
JOKER 154 219 162 227
JOKER 43 172 58 177
JOKER 216 386 262 387
JOKER 109 134 114 147
JOKER 201 230 245 231
RECT 256 86 277 104 1
JOKER 238 245 248 253
RECT 391 260 399 271 1
JOKER 100 384 181 384
JOKER 315 362 324 370
JOKER 168 236 267 236
RECT 151 303 170 320 1
RECT 104 67 133 78 1
JOKER 122 145 129 155
JOKER 88 354 91 374
JOKER 119 317 132 323
JOKER 168 0 252 0
JOKER 51 114 90 115
JOKER 59 161 77 165
RECT 247 126 250 147 1
JOKER 330 384 376 385
JOKER 34 66 110 66
JOKER 172 132 191 136
JOKER 63 105 94 107
JOKER 189 64 200 67
RECT 33 1 58 32 1
RECT 284 384 303 399 1
JOKER 255 293 302 294
JOKER 101 176 114 181
JOKER 93 376 122 378
JOKER 48 100 71 103
JOKER 81 58 90 67
JOKER 168 265 187 269
JOKER 185 237 211 239
RECT 237 40 267 50 1
RECT 273 196 301 211 1
RECT 0 1 32 18 1
JOKER 116 128 128 133
JOKER 179 228 227 229
RECT 382 368 399 386 1
JOKER 240 214 263 217
JOKER 79 50 89 58
JOKER 289 334 293 350
RECT 207 392 239 399 1
JOKER 67 88 108 89
JOKER 128 160 147 164
JOKER 194 386 219 388
JOKER 165 380 259 380
RECT 0 14 30 44 1
JOKER 95 87 100 100
JOKER 265 277 272 287
RECT 318 67 333 87 1
JOKER 51 116 57 125
JOKER 223 227 265 228
JOKER 205 241 252 242
JOKER 148 119 192 120
RECT 3 221 34 250 1
RECT 133 96 154 112 1
JOKER 61 69 108 70
JOKER 281 41 316 42
JOKER 94 164 132 165
JOKER 324 54 348 57
RECT 319 338 341 361 1
RECT 160 30 170 38 0
JOKER 199 63 222 66
RECT 86 278 105 309 1
RECT 145 207 160 217 1
RECT 162 292 185 305 1
RECT 39 281 69 312 1
RECT 263 186 278 193 1
RECT 0 314 32 343 1
RECT 289 58 315 60 0
RECT 268 73 285 78 1
RECT 372 84 399 113 1
RECT 233 273 264 298 1
RECT 326 207 355 228 1
RECT 0 380 9 399 1
RECT 26 308 51 334 1
RECT 130 241 158 260 1
RECT 68 342 89 366 1
RECT 303 313 307 334 0
RECT 64 53 78 68 1
RECT 245 14 275 45 1
RECT 211 51 227 59 1
RECT 158 72 177 80 0
RECT 340 95 367 119 1
RECT 373 147 399 173 1
RECT 169 0 194 20 1
RECT 23 116 49 147 1
RECT 227 86 243 116 0
RECT 64 177 81 208 1
RECT 128 137 143 154 0
RECT 196 258 214 274 1
RECT 239 157 252 160 0
RECT 229 227 235 242 0
RECT 221 212 238 218 1
RECT 122 336 139 355 1
RECT 91 113 100 141 1
RECT 164 271 169 286 0
RECT 168 191 182 211 0
RECT 106 324 120 327 1
RECT 256 169 262 172 0
RECT 314 329 319 333 0
RECT 125 152 128 169 0
RECT 72 153 80 173 0
RECT 226 254 254 276 1
RECT 92 146 95 161 1
RECT 286 45 296 64 0
RECT 226 117 243 132 0
RECT 146 164 155 166 0
RECT 228 203 245 209 0
RECT 0 0 17 12 1
RECT 164 288 194 296 1
RECT 206 382 237 385 0
RECT 290 45 308 55 0
RECT 0 290 4 317 1
RECT 314 301 327 319 1
RECT 318 325 322 351 1
RECT 268 312 300 329 1
RECT 108 81 140 102 1
RECT 120 140 125 147 1
RECT 92 340 98 341 0
RECT 302 310 305 328 0
RECT 308 276 339 292 1
RECT 259 49 287 52 0
RECT 208 206 213 216 1
RECT 169 44 175 60 1
RECT 225 239 231 269 1
RECT 129 328 149 330 1
RECT 242 85 247 103 0
RECT 120 172 136 181 1
RECT 197 352 224 379 1
RECT 102 354 121 372 1
RECT 0 248 23 279 1
RECT 249 94 252 114 1
RECT 252 226 265 236 1
RECT 136 178 157 190 1
RECT 148 282 160 295 0
RECT 48 328 74 358 1
RECT 364 68 372 97 1
RECT 153 143 164 145 1
RECT 75 373 83 376 0
RECT 148 308 152 324 1
RECT 153 273 156 279 1
RECT 218 37 249 53 1
RECT 31 42 41 60 1
RECT 270 49 292 65 0
RECT 138 15 150 33 1
RECT 208 205 212 210 1
RECT 164 378 185 381 1
RECT 68 134 71 153 0
RECT 124 267 142 288 1
RECT 229 166 259 183 0
RECT 245 145 248 163 0
RECT 89 303 119 312 1
RECT 293 297 298 303 0
RECT 190 264 201 277 1
RECT 158 48 167 70 1
RECT 305 323 315 336 0
RECT 263 81 278 99 1
RECT 129 330 134 349 1
RECT 145 127 173 129 1
RECT 0 96 26 125 1
RECT 109 277 133 299 1
RECT 22 113 51 131 1
RECT 104 339 107 347 0
RECT 242 55 253 76 0
RECT 0 194 32 197 1
RECT 92 322 110 336 1
RECT 128 314 136 323 0
RECT 176 273 190 280 1
RECT 353 390 385 399 1
RECT 274 224 305 229 1
RECT 264 166 296 173 1
RECT 164 226 189 252 1
RECT 141 314 150 341 1
RECT 298 41 309 50 0
RECT 146 97 158 102 1
RECT 121 307 127 310 0
RECT 225 180 239 209 0
RECT 309 339 312 366 0
RECT 271 199 274 205 1
RECT 0 49 9 53 1
RECT 146 69 161 76 1
RECT 147 201 161 212 1
RECT 183 28 198 39 1
RECT 302 301 311 312 0
RECT 90 167 99 181 0
RECT 222 224 230 225 1
RECT 280 299 292 319 1
RECT 141 213 161 219 1
RECT 53 140 53 161 0
RECT 321 376 330 380 0
RECT 278 26 301 41 1
RECT 248 200 268 215 0
RECT 311 371 338 376 1
RECT 95 331 96 342 0
RECT 201 206 220 213 1
RECT 95 147 97 151 0
RECT 309 338 310 370 0
RECT 0 338 1 361 1
RECT 275 202 301 213 1
RECT 229 39 254 51 1
RECT 147 54 165 69 1
RECT 72 101 78 101 7
RECT 146 153 155 170 0
RECT 164 244 165 272 1
RECT 159 140 160 142 0
RECT 236 334 248 362 1
RECT 180 210 205 220 1
RECT 205 238 208 250 0
RECT 156 125 173 134 1
RECT 59 376 89 382 0
RECT 198 389 219 399 1
RECT 190 39 190 68 1
RECT 226 42 229 58 1
RECT 129 22 153 32 1
RECT 57 355 77 376 1
RECT 257 212 264 223 0
RECT 311 292 323 310 1
RECT 154 162 181 176 0
RECT 280 66 309 79 1
RECT 246 115 269 129 1
RECT 52 82 60 84 0
RECT 127 138 128 139 1
RECT 73 181 94 189 1
RECT 323 50 335 51 0
RECT 275 382 294 396 1
RECT 102 350 103 359 0
RECT 103 156 107 161 0
RECT 261 84 264 111 1
RECT 132 100 159 104 1
RECT 158 177 183 192 0
RECT 183 270 184 277 1
RECT 33 158 57 159 1
RECT 123 255 149 283 1
RECT 126 169 146 178 1
RECT 176 58 187 58 0
RECT 164 64 168 64 0
RECT 68 169 72 175 1
RECT 132 56 138 61 1
RECT 148 54 169 61 1
RECT 77 157 96 169 0
RECT 46 371 59 387 1
RECT 274 284 274 293 0
RECT 229 153 251 182 0
RECT 86 107 87 109 0
RECT 174 276 185 288 1
RECT 129 131 132 135 1
RECT 246 99 253 114 1
RECT 154 105 178 110 0
RECT 320 51 347 51 0
RECT 224 381 239 385 0
RECT 217 142 247 146 0
RECT 274 183 291 214 1
RECT 229 123 244 138 0
RECT 42 180 44 188 4
RECT 326 397 351 399 1
RECT 257 45 264 49 1
RECT 263 173 283 174 1
RECT 164 30 174 32 0
RECT 109 322 118 327 1
RECT 133 304 138 317 0
RECT 134 130 136 139 0
RECT 65 111 70 134 1
RECT 104 293 117 314 1
RECT 157 97 170 97 0
RECT 321 375 325 377 1
RECT 221 28 232 57 1
RECT 346 31 372 63 1
RECT 142 48 146 53 0
RECT 276 303 293 328 1
RECT 138 158 140 165 1
RECT 52 149 52 150 0
RECT 273 224 300 229 1
RECT 243 59 265 80 0
RECT 175 138 178 143 1
RECT 270 52 279 67 0
RECT 144 31 149 34 1
RECT 58 118 59 135 0
RECT 303 289 306 304 0
RECT 165 238 185 254 1
RECT 219 36 251 52 1
RECT 46 81 51 98 1
RECT 131 381 163 381 0
RECT 304 362 305 364 1
RECT 97 141 105 149 1
RECT 178 140 204 164 0
RECT 161 197 164 206 0
RECT 111 330 116 334 0
RECT 120 12 144 38 1
RECT 153 165 171 174 0
RECT 156 40 160 43 0
RECT 314 335 322 346 1
RECT 168 137 179 137 1
RECT 174 40 176 41 1
RECT 265 16 275 46 1
RECT 306 56 310 60 0
RECT 76 374 91 380 0
RECT 298 316 301 347 1
RECT 235 70 257 86 0
RECT 180 264 184 265 0
RECT 54 127 55 154 0
RECT 43 112 51 133 1
RECT 161 68 163 73 1
RECT 117 163 126 164 0
RECT 105 77 125 86 1
RECT 265 171 268 176 1
RECT 295 350 307 353 0
RECT 146 117 147 127 0
RECT 140 289 151 304 0
RECT 146 36 159 41 0
RECT 244 103 276 109 1
RECT 237 56 253 72 0
RECT 62 157 76 158 0
RECT 115 323 122 324 1
RECT 176 143 180 175 0
RECT 156 301 178 306 1
RECT 100 130 104 159 1
RECT 107 320 113 330 1
RECT 120 219 147 241 1
RECT 138 158 142 160 1
RECT 207 250 212 275 1
RECT 299 353 301 365 0
RECT 296 1 318 15 1
RECT 139 182 158 184 1
RECT 169 113 191 122 0
RECT 195 51 202 67 1
RECT 325 50 340 54 0
RECT 103 166 122 173 0
RECT 62 157 75 160 0
RECT 278 32 305 41 1
RECT 358 383 365 383 0
RECT 161 88 165 89 1
RECT 104 161 109 162 1
RECT 263 158 265 172 1
RECT 153 382 172 382 0
RECT 92 148 93 161 1
RECT 145 311 176 316 1
RECT 318 344 330 353 1
RECT 245 85 256 88 0
RECT 177 245 193 247 1
RECT 69 135 72 139 0
RECT 301 291 303 302 0
RECT 272 72 289 73 1
RECT 64 78 74 78 7
RECT 63 140 92 143 1
RECT 119 270 145 286 1
RECT 95 337 108 337 1
RECT 29 382 60 388 1
RECT 258 225 263 251 1
RECT 135 125 151 133 1
RECT 273 265 287 285 1
RECT 255 90 255 120 1
RECT 303 311 308 338 0
RECT 188 387 197 388 0
RECT 244 64 273 69 0
RECT 72 335 93 340 1
RECT 264 193 268 196 1
RECT 147 135 149 145 1
RECT 110 314 111 333 1
RECT 57 138 61 148 1
RECT 174 386 184 391 1
RECT 45 160 57 162 1
RECT 118 142 121 150 1
RECT 291 355 293 369 1
RECT 147 57 149 69 0
RECT 166 270 175 270 0
RECT 238 242 241 246 0
RECT 50 143 57 145 0
RECT 221 62 250 64 0
RECT 71 151 91 169 0
RECT 260 181 267 183 0
RECT 207 230 238 232 0
RECT 240 41 243 55 1
RECT 130 299 141 308 0
RECT 134 322 149 341 1
RECT 159 275 171 284 0
RECT 179 137 180 168 0
RECT 199 255 200 262 1
RECT 187 381 197 381 1
RECT 93 137 106 147 1
RECT 94 337 98 356 0
RECT 21 76 50 77 1
RECT 127 332 159 350 1
RECT 275 223 294 236 1
RECT 274 46 297 50 0
RECT 27 170 43 180 1
RECT 158 271 160 276 1
RECT 78 108 86 109 0
RECT 271 58 274 68 0
RECT 173 271 178 276 0
RECT 262 145 289 170 1
RECT 142 43 150 51 0
RECT 121 275 127 303 1
RECT 291 52 302 62 0
RECT 177 276 195 285 1
RECT 198 248 201 254 0
RECT 124 153 125 155 1
RECT 304 282 305 294 0
RECT 52 128 54 148 0
RECT 239 178 266 184 0
RECT 49 84 50 85 0
RECT 129 55 139 59 1
RECT 58 116 67 118 1
RECT 90 75 94 75 4
RECT 167 62 178 63 0
RECT 132 298 145 304 0
RECT 134 69 149 69 1
RECT 305 321 315 333 0