RECT 257 794 289 817 2
RECT 291 811 322 836 2
RECT 629 810 658 833 2
RECT 286 951 312 980 2
RECT 256 909 288 938 2
RECT 940 847 972 875 6
RECT 937 56 963 87 2
RECT 795 690 824 719 2
RECT 377 944 409 973 2
RECT 230 707 262 738 2
RECT 333 803 361 834 2
RECT 852 183 881 207 2
RECT 441 961 472 988 2
RECT 148 817 179 848 2
RECT 514 869 542 899 2
RECT 533 932 560 961 2
RECT 496 908 521 939 2
RECT 371 836 394 867 2
RECT 494 938 525 968 2
RECT 447 893 475 923 2
RECT 464 815 489 846 2
RECT 443 402 474 431 3
RECT 483 444 515 475 2
RECT 875 824 907 855 2
RECT 410 896 436 924 2
RECT 125 855 157 886 2
RECT 593 815 623 846 2
RECT 836 771 867 799 2
RECT 778 887 810 914 2
RECT 295 306 324 335 4
RECT 439 825 468 853 2
RECT 352 861 384 893 2
RECT 73 587 105 611 3
RECT 885 195 914 227 2
RECT 946 336 977 368 2
RECT 727 778 757 806 2
RECT 461 921 491 953 2
RECT 711 697 743 729 2
RECT 175 715 205 747 2
RECT 765 54 795 82 2
RECT 290 754 318 786 2
RECT 701 923 732 953 3
RECT 169 873 196 904 2
RECT 635 521 667 553 2
RECT 929 886 958 916 3
RECT 501 807 531 839 2
RECT 912 795 939 819 1
RECT 828 509 852 541 2
RECT 250 844 281 876 2
RECT 835 913 861 942 2
RECT 624 252 656 283 2
RECT 407 861 439 893 7
RECT 526 813 556 844 2
RECT 351 349 382 374 2
RECT 12 795 37 821 2
RECT 198 895 226 927 2
RECT 329 899 361 931 2
RECT 740 287 770 315 2
RECT 755 705 781 737 2
RECT 619 887 648 917 1
RECT 203 145 231 168 4
RECT 847 951 879 983 2
RECT 45 215 77 247 1
RECT 847 257 876 289 2
RECT 841 884 873 915 2
RECT 674 853 706 879 2
RECT 702 731 734 761 2
RECT 223 966 254 998 2
RECT 443 865 470 894 2
RECT 931 5 962 36 2
RECT 132 593 163 625 4
RECT 76 238 108 266 3
RECT 737 159 765 191 2
RECT 328 965 357 993 2
RECT 244 165 276 194 4
RECT 889 479 920 511 1
RECT 354 251 385 283 4
RECT 588 862 613 891 2
RECT 8 81 39 112 2
RECT 813 665 840 697 2
RECT 478 965 510 997 2
RECT 144 437 170 469 4
RECT 834 72 863 101 2
RECT 1 168 29 200 2
RECT 232 920 262 948 2
RECT 2 585 30 616 2
RECT 460 135 491 164 1
RECT 188 458 220 488 6
RECT 198 690 229 719 2
RECT 954 263 986 294 2
RECT 709 888 735 920 3
RECT 152 469 184 496 6
RECT 753 511 784 537 2
RECT 528 908 558 933 2
RECT 171 675 196 707 1
RECT 40 747 66 778 1
RECT 520 255 549 285 2
RECT 409 924 441 956 2
RECT 592 452 624 484 2
RECT 651 256 682 287 2
RECT 587 927 618 958 2
RECT 123 673 155 705 1
RECT 856 290 888 315 2
RECT 712 846 744 878 2
RECT 585 262 614 289 2
RECT 806 198 835 222 2
RECT 673 822 700 853 2
RECT 40 592 67 623 1
RECT 299 144 326 172 4
RECT 222 826 251 854 2
RECT 602 590 633 622 2
RECT 725 815 754 846 2
RECT 894 444 923 470 2
RECT 627 837 656 869 2
RECT 720 445 752 476 2
RECT 838 852 868 883 2
RECT 604 23 634 50 2
RECT 265 940 290 972 2
RECT 561 580 591 608 2
RECT 287 691 314 723 2
RECT 838 481 870 506 2
RECT 893 279 923 307 2
RECT 3 530 35 560 2
RECT 469 837 496 868 2
RECT 532 175 563 204 2
RECT 796 723 819 755 2
RECT 818 99 848 125 2
RECT 282 535 311 563 4
RECT 192 977 223 999 2
RECT 47 260 77 290 1
RECT 378 897 407 926 2
RECT 527 54 559 81 1
RECT 81 490 112 521 3
RECT 764 540 794 572 2
RECT 649 60 673 91 6
RECT 76 117 108 147 3
RECT 937 409 965 439 2
RECT 870 407 900 439 6
RECT 357 792 389 817 2
RECT 640 477 668 507 2
RECT 356 524 387 553 1
RECT 254 821 286 850 2
RECT 278 777 307 807 2
RECT 139 764 169 794 2
RECT 611 130 642 162 2
RECT 381 973 411 999 2
RECT 482 423 514 454 2
RECT 311 729 342 760 2
RECT 559 453 590 480 2
RECT 317 302 346 332 4
RECT 84 780 114 811 3
RECT 930 130 962 161 2
RECT 930 717 962 739 1
RECT 244 78 275 109 1
RECT 84 550 113 579 3
RECT 433 183 461 215 2
RECT 196 860 225 880 2
RECT 600 305 632 328 2
RECT 626 551 650 580 2
RECT 141 707 171 738 2
RECT 673 184 704 215 2
RECT 953 470 975 500 2
RECT 755 266 785 298 2
RECT 763 24 795 53 2
RECT 687 523 719 554 2
RECT 521 963 550 995 2
RECT 559 856 588 884 6
RECT 837 970 869 999 2
RECT 614 197 643 225 2
RECT 265 968 289 997 2
RECT 400 369 427 400 2
RECT 222 629 254 645 2
RECT 49 856 69 884 6
RECT 971 13 998 41 2
RECT 663 706 691 736 2
RECT 118 282 150 309 6
RECT 529 548 557 578 2
RECT 707 622 739 646 1
RECT 236 412 262 442 4
RECT 310 931 334 963 2
RECT 968 359 999 390 2
RECT 389 525 417 557 4
RECT 71 613 100 642 3
RECT 110 69 126 100 4
RECT 251 885 280 915 2
RECT 665 290 697 319 2
RECT 825 430 857 456 2
RECT 902 614 934 643 2
RECT 688 777 720 809 2
RECT 87 758 116 787 3
RECT 266 44 297 68 1
RECT 311 539 340 569 4
RECT 5 148 31 179 2
RECT 943 236 975 266 2
RECT 577 485 601 516 7
RECT 236 736 261 768 2
RECT 707 282 738 313 2
RECT 399 131 427 163 2
RECT 76 290 97 316 3
RECT 474 340 497 371 2
RECT 588 339 619 366 2
RECT 970 305 999 335 2
RECT 648 431 680 456 5
RECT 886 515 916 540 2
RECT 547 276 579 306 2
RECT 951 829 979 859 6
RECT 93 953 113 984 3
RECT 180 179 207 211 7
RECT 96 878 124 907 3
RECT 121 472 149 498 6
RECT 600 101 629 130 2
RECT 209 59 239 79 3
RECT 760 850 790 881 2
RECT 904 35 936 59 1
RECT 173 529 205 556 4
RECT 296 431 322 453 4
RECT 2 209 32 239 2
RECT 853 459 882 491 2
RECT 152 412 180 435 4
RECT 642 163 674 195 2
RECT 760 773 791 799 2
RECT 428 217 458 249 2
RECT 36 560 68 584 5
RECT 478 895 508 926 2
RECT 406 203 428 235 2
RECT 423 575 443 607 2
RECT 813 886 843 916 2
RECT 967 118 994 149 2
RECT 924 260 954 283 1
RECT 791 163 820 192 2
RECT 382 162 414 191 2
RECT 861 863 893 892 2
RECT 779 643 810 672 2
RECT 683 0 714 32 3
RECT 868 791 893 823 1
RECT 315 783 347 815 2
RECT 616 388 648 412 2
RECT 730 316 758 340 2
RECT 491 91 512 123 2
RECT 731 418 762 442 2
RECT 571 226 594 255 2
RECT 349 940 381 971 2
RECT 646 889 675 918 1
RECT 580 367 610 399 2
RECT 375 826 405 858 2
RECT 394 694 423 725 4
RECT 941 303 966 330 2
RECT 423 125 455 151 2
RECT 726 65 753 93 2
RECT 295 867 322 893 2
RECT 457 488 475 513 2
RECT 364 451 394 479 4
RECT 151 501 179 529 4
RECT 792 607 822 634 2
RECT 923 496 955 526 2
RECT 877 625 907 653 2
RECT 584 903 616 927 2
RECT 429 296 457 327 2
RECT 561 165 593 195 2
RECT 222 206 247 235 4
RECT 326 837 358 867 2
RECT 498 563 526 595 2
RECT 480 678 512 709 2
RECT 276 475 307 502 4
RECT 954 978 985 999 2
RECT 234 315 264 346 4
RECT 936 437 964 467 2
RECT 1 825 32 839 2
RECT 869 168 901 194 2
RECT 792 501 822 530 2
RECT 704 446 731 478 2
RECT 384 353 411 385 2
RECT 267 280 298 309 4
RECT 32 46 63 73 2
RECT 809 287 833 314 2
RECT 484 245 515 277 2
RECT 573 418 601 446 1
RECT 909 410 935 441 6
RECT 506 193 530 220 2
RECT 913 774 936 804 1
RECT 821 61 851 91 2
RECT 322 868 354 900 2
RECT 793 39 814 67 2
RECT 636 578 663 609 2
RECT 954 39 983 70 2
RECT 479 479 511 507 2
RECT 152 582 183 614 4
RECT 289 84 321 115 1
RECT 288 726 315 753 2
RECT 972 233 999 258 2
RECT 767 667 790 698 2
RECT 467 189 499 213 2
RECT 685 612 713 639 1
RECT 931 98 961 128 2
RECT 703 972 735 999 3
RECT 0 491 25 522 2
RECT 683 924 711 955 3
RECT 45 720 71 744 1
RECT 35 812 66 835 1
RECT 703 204 734 233 2
RECT 420 392 449 422 3
RECT 905 840 931 872 2
RECT 655 828 677 860 2
RECT 210 172 241 202 4
RECT 747 959 771 988 6
RECT 799 117 825 148 2
RECT 902 914 934 942 2
RECT 532 83 563 110 3
RECT 939 192 964 222 2
RECT 448 42 475 72 2
RECT 427 624 458 649 2
RECT 239 778 271 809 2
RECT 848 30 875 62 2
RECT 685 956 714 988 1
RECT 586 73 615 105 2
RECT 127 89 157 115 4
RECT 821 465 852 494 2
RECT 815 576 847 607 3
RECT 94 520 124 548 3
RECT 82 166 113 195 3
RECT 176 121 208 149 4
RECT 583 799 609 830 2
RECT 767 480 797 509 5
RECT 481 638 513 668 2
RECT 10 613 41 643 2
RECT 392 396 418 427 4
RECT 527 506 558 529 2
RECT 806 542 838 573 2
RECT 406 827 431 851 3
RECT 433 923 461 954 2
RECT 523 898 555 924 2
RECT 227 285 255 310 4
RECT 195 545 225 575 4
RECT 596 837 628 865 2
RECT 966 150 995 181 2
RECT 693 704 711 736 2
RECT 829 607 860 637 3
RECT 600 671 631 702 7
RECT 35 398 66 425 1
RECT 193 422 220 451 6
RECT 304 974 334 999 2
RECT 411 961 436 988 1
RECT 206 725 238 757 2
RECT 679 102 711 130 2
RECT 17 714 39 745 5
RECT 858 928 883 950 2
RECT 251 694 278 721 2
RECT 685 75 717 94 2
RECT 796 971 827 998 6
RECT 96 596 128 626 3
RECT 528 580 557 607 2
RECT 780 1 805 30 2
RECT 346 203 378 234 4
RECT 836 237 868 264 2
RECT 824 178 850 203 2
RECT 853 829 876 860 2
RECT 755 149 779 179 2
RECT 905 888 937 918 3
RECT 773 811 802 837 2
RECT 522 154 553 183 2
RECT 714 177 739 202 2
RECT 654 607 681 632 2
RECT 989 739 999 771 2
RECT 703 655 732 678 1
RECT 293 214 320 245 4
RECT 330 412 362 443 4
RECT 479 796 511 823 2
RECT 732 853 761 878 1
RECT 0 51 32 77 2
RECT 502 321 534 343 2
RECT 631 300 660 329 2
RECT 610 159 641 188 2
RECT 630 12 659 41 2
RECT 434 567 463 593 2
RECT 476 403 502 422 2
RECT 897 309 919 341 2
RECT 789 919 821 942 1
RECT 427 524 451 555 2
RECT 617 871 649 893 1
RECT 520 374 550 400 2
RECT 322 679 351 701 2
RECT 742 4 764 35 2
RECT 559 551 578 578 2
RECT 787 218 819 249 2
RECT 849 121 877 149 2
RECT 349 972 378 999 2
RECT 114 964 142 992 2
RECT 279 904 311 935 2
RECT 4 757 34 782 1
RECT 567 685 593 716 7
RECT 757 577 786 604 2
RECT 774 293 802 325 2
RECT 732 466 760 498 2
RECT 643 222 674 249 2
RECT 458 260 490 279 5
RECT 718 250 750 281 2
RECT 166 935 196 957 2
RECT 686 153 712 185 2
RECT 704 581 734 596 2
RECT 420 451 446 479 2
RECT 403 613 432 643 2
RECT 587 5 616 28 3
RECT 742 733 767 765 2
RECT 222 858 254 886 2
RECT 665 531 695 558 2
RECT 354 895 386 917 2
RECT 129 116 160 146 4
RECT 639 335 671 361 3
RECT 207 511 227 539 4
RECT 892 979 922 999 2
RECT 305 819 336 848 2
RECT 810 835 837 860 2
RECT 205 244 237 268 3
RECT 967 909 990 927 2
RECT 585 196 615 222 2
RECT 453 101 481 133 2
RECT 219 538 250 568 4
RECT 649 394 677 425 5
RECT 852 647 883 678 2
RECT 461 68 491 89 2
RECT 337 753 369 781 1
RECT 702 490 734 521 2
RECT 788 87 819 110 2
RECT 219 905 251 928 2
RECT 562 829 590 854 1
RECT 813 867 843 892 2
RECT 863 579 889 606 2
RECT 334 70 364 102 2
RECT 161 749 187 773 2
RECT 913 56 939 87 2
RECT 851 507 883 536 2
RECT 924 173 955 204 2
RECT 397 658 427 676 6
RECT 723 26 754 57 2
RECT 623 464 655 496 2
RECT 544 313 571 336 7
RECT 1 659 31 683 2
RECT 497 603 524 635 2
RECT 820 735 848 765 4
RECT 9 868 39 893 1
RECT 937 27 959 56 1
RECT 759 104 790 130 2
RECT 380 866 409 892 2
RECT 471 372 491 394 2
RECT 156 867 186 899 2
RECT 194 666 219 693 2
RECT 614 367 646 385 4
RECT 925 861 952 882 6
RECT 3 117 27 146 2
RECT 925 933 957 962 2
RECT 735 90 760 122 2
RECT 806 6 833 36 2
RECT 104 207 124 235 3
RECT 2 913 29 936 2
RECT 347 553 374 583 4
RECT 147 846 177 864 2
RECT 365 236 395 268 4
RECT 669 495 684 523 2
RECT 193 777 222 794 3
RECT 129 645 152 672 4
RECT 662 27 692 52 2
RECT 358 912 387 938 2
RECT 891 427 923 449 2
RECT 41 768 73 786 1
RECT 83 569 113 599 3
RECT 505 22 535 47 6
RECT 962 930 994 962 1
RECT 849 397 881 422 6
RECT 662 956 688 986 1
RECT 44 287 74 312 1
RECT 246 434 278 466 4
RECT 683 271 715 298 2
RECT 224 143 254 171 4
RECT 547 442 578 470 2
RECT 0 801 21 828 2
RECT 1 941 30 967 2
RECT 624 69 650 91 6
RECT 934 687 966 717 2
RECT 1 687 20 718 2
RECT 250 214 274 244 1
RECT 338 361 364 386 2
RECT 397 426 417 456 4
RECT 219 935 237 953 1
RECT 77 213 100 240 6
RECT 525 858 557 889 2
RECT 0 971 27 999 2
RECT 392 301 418 332 2
RECT 98 48 129 73 4
RECT 452 800 480 821 2
RECT 11 234 38 259 2
RECT 729 547 757 579 2
RECT 499 300 530 319 2
RECT 676 378 706 402 2
RECT 480 709 511 734 2
RECT 585 588 613 618 2
RECT 604 228 635 253 2
RECT 697 813 729 841 2
RECT 313 705 336 730 3
RECT 658 754 672 784 2
RECT 258 189 284 215 4
RECT 540 414 566 445 1
RECT 162 902 189 934 2
RECT 544 128 576 157 2
RECT 182 394 213 425 6
RECT 314 461 340 493 4
RECT 91 81 109 110 3
RECT 411 507 431 536 1
RECT 56 827 75 859 6
RECT 197 834 224 862 2
RECT 845 728 868 755 2
RECT 794 769 819 798 7
RECT 132 1 159 33 1
RECT 157 76 189 106 4
RECT 387 190 413 218 2
RECT 318 751 339 780 2
RECT 99 693 124 721 3
RECT 74 42 103 66 3
RECT 125 220 156 250 4
RECT 781 572 813 596 2
RECT 223 757 246 789 3
RECT 40 494 70 517 1
RECT 575 654 603 683 7
RECT 359 687 389 711 6
RECT 839 542 864 574 2
RECT 550 254 575 284 2
RECT 518 230 541 262 2
RECT 454 5 484 17 7
RECT 732 500 762 527 2
RECT 206 652 238 671 4
RECT 620 939 648 964 1
RECT 427 988 457 999 2
RECT 263 492 289 514 4
RECT 276 128 308 152 4
RECT 6 379 29 408 2
RECT 858 213 885 230 2
RECT 275 395 306 416 6
RECT 446 242 467 272 2
RECT 756 881 787 909 2
RECT 11 188 38 219 2
RECT 288 57 318 78 1
RECT 128 908 158 936 5
RECT 719 347 743 379 7
RECT 137 392 167 415 6
RECT 590 957 615 983 2
RECT 931 602 953 630 2
RECT 255 558 282 584 4
RECT 491 866 516 897 2
RECT 391 790 412 815 2
RECT 549 971 574 999 2
RECT 74 685 106 708 4
RECT 532 350 559 377 1
RECT 826 292 856 310 2
RECT 655 801 686 827 2
RECT 563 367 590 391 7
RECT 351 302 382 319 4
RECT 433 158 458 182 2
RECT 12 277 37 307 2
RECT 46 75 77 101 1
RECT 740 240 770 258 7
RECT 365 142 393 172 2
RECT 96 808 123 840 3
RECT 277 156 290 185 4
RECT 264 735 283 762 1
RECT 62 312 75 339 1
RECT 893 129 922 161 2
RECT 301 278 331 303 4
RECT 771 706 803 733 2
RECT 901 403 930 427 6
RECT 760 608 782 636 2
RECT 777 192 800 215 2
RECT 954 769 979 798 1
RECT 557 336 587 367 2
RECT 397 729 423 756 4
RECT 739 690 769 720 2
RECT 235 511 250 539 4
RECT 513 449 545 481 2
RECT 92 265 122 295 3
RECT 680 426 707 456 2
RECT 951 396 976 428 2
RECT 330 327 356 350 4
RECT 714 4 741 27 3
RECT 857 696 884 717 2
RECT 393 124 422 146 2
RECT 638 136 659 165 2
RECT 161 0 177 31 2
RECT 297 678 325 704 2
RECT 382 410 398 438 3
RECT 527 474 558 498 1
RECT 274 83 300 111 3
RECT 244 38 267 69 3
RECT 514 848 546 870 2
RECT 857 619 883 643 2
RECT 811 351 843 377 1
RECT 364 961 388 989 1
RECT 906 214 936 243 2
RECT 454 948 486 967 2
RECT 241 242 271 270 3
RECT 929 322 961 354 2
RECT 874 940 901 968 2
RECT 189 753 214 783 3
RECT 350 842 373 873 2
RECT 68 148 92 169 3
RECT 679 739 701 768 2
RECT 877 32 909 62 2
RECT 827 657 852 686 2
RECT 325 527 354 559 4
RECT 226 575 257 606 3
RECT 655 927 678 948 1
RECT 497 272 527 304 2
RECT 37 952 67 980 1
RECT 968 103 999 135 2
RECT 752 798 778 829 2
RECT 580 512 609 543 7
RECT 250 269 282 300 4
RECT 432 848 460 871 2
RECT 588 888 616 907 2
RECT 352 508 383 527 1
RECT 124 613 132 642 6
RECT 584 557 613 584 1
RECT 783 516 813 548 2
RECT 129 572 159 593 4
RECT 126 948 157 977 2
RECT 987 39 999 66 1
RECT 607 637 633 668 7
RECT 604 438 634 456 2
RECT 571 90 583 116 1
RECT 290 327 314 349 4
RECT 890 786 909 816 7
RECT 385 485 410 516 6
RECT 880 448 899 472 2
RECT 516 934 546 964 2
RECT 284 247 316 262 5
RECT 405 813 427 828 2
RECT 536 36 566 51 3
RECT 328 141 345 170 4
RECT 140 176 161 199 1
RECT 453 545 485 572 3
RECT 184 561 209 591 4
RECT 756 66 786 97 2
RECT 151 653 172 681 4
RECT 875 256 897 282 4
RECT 903 526 934 553 2
RECT 11 842 36 868 1
RECT 923 827 944 849 6
RECT 659 679 673 709 2
RECT 898 640 928 667 2
RECT 431 657 450 683 6
RECT 197 76 229 92 3
RECT 524 631 553 653 2
RECT 420 890 449 922 2
RECT 655 116 684 138 2
RECT 990 644 999 672 2
RECT 965 196 995 220 2
RECT 74 761 93 793 3
RECT 419 947 447 973 2
RECT 253 518 277 548 5
RECT 101 454 123 482 4
RECT 466 270 484 296 5
RECT 454 482 479 514 2
RECT 538 393 559 416 2
RECT 285 936 312 964 2
RECT 872 897 889 917 2
RECT 608 91 638 116 2
RECT 153 272 185 297 6
RECT 7 735 36 761 5
RECT 326 935 354 961 2
RECT 9 452 39 465 2
RECT 823 700 849 726 4
RECT 769 743 789 774 3
RECT 765 969 791 994 6
RECT 182 836 210 863 1
RECT 897 366 921 390 3
RECT 32 978 62 999 1
RECT 136 751 162 781 2
RECT 233 962 260 992 2
RECT 245 763 275 777 2
RECT 678 78 703 107 2
RECT 2 789 31 813 2
RECT 826 151 854 182 7
RECT 478 173 507 193 2
RECT 38 131 66 160 1
RECT 700 887 711 917 3
RECT 45 193 76 219 1
RECT 832 948 857 975 2
RECT 173 972 202 999 2
RECT 850 349 881 365 1
RECT 722 530 741 547 6
RECT 676 635 704 664 1
RECT 207 809 237 826 2
RECT 123 497 146 524 4
RECT 778 151 810 183 2
RECT 942 368 969 396 2
RECT 252 391 282 422 6
RECT 275 436 302 465 4
RECT 584 395 616 409 2
RECT 917 463 934 493 2
RECT 621 497 649 517 2
RECT 679 229 710 252 1
RECT 516 344 543 359 2
RECT 368 742 386 772 7
RECT 191 882 214 910 2
RECT 855 431 884 447 6
RECT 166 706 194 735 2
RECT 483 766 515 794 2
RECT 524 527 554 547 2
RECT 544 710 576 725 7
RECT 837 127 858 158 2
RECT 537 113 563 145 1
RECT 941 512 965 539 2
RECT 242 354 259 384 6
RECT 726 366 755 394 5
RECT 747 252 774 279 2
RECT 698 54 722 82 2
RECT 383 927 415 956 2
RECT 230 695 258 716 2
RECT 884 686 904 706 4
RECT 193 488 217 514 4
RECT 586 411 618 437 1
RECT 353 283 383 302 4
RECT 967 798 980 822 1
RECT 925 728 952 749 1
RECT 475 423 488 455 2
RECT 593 143 616 174 2
RECT 596 213 623 235 4
RECT 343 436 373 466 4
RECT 592 315 624 342 2
RECT 832 2 855 27 2
RECT 678 344 698 367 7
RECT 675 982 702 999 3
RECT 601 265 621 295 2
RECT 788 409 814 433 5
RECT 99 232 126 258 3
RECT 576 636 604 663 7
RECT 280 883 304 912 2
RECT 165 37 196 62 4
RECT 707 28 724 54 7
RECT 902 178 926 202 2
RECT 136 811 160 831 2
RECT 790 471 820 503 2
RECT 703 953 728 981 1
RECT 882 470 913 495 1
RECT 979 978 999 999 2
RECT 817 443 842 472 2
RECT 224 484 242 513 1
RECT 687 107 717 138 2
RECT 545 197 575 223 2
RECT 19 409 36 420 2
RECT 373 620 404 652 4
RECT 76 378 107 405 3
RECT 443 300 466 331 2
RECT 698 403 717 425 1
RECT 830 772 861 803 2
RECT 62 122 74 154 1
RECT 209 772 227 800 7
RECT 740 895 756 919 6
RECT 116 32 144 45 2
RECT 619 562 639 591 2
RECT 244 253 275 262 5
RECT 39 757 71 789 1
RECT 419 587 443 616 2
RECT 452 715 478 731 1
RECT 565 501 576 533 7
RECT 963 3 984 26 2
RECT 0 565 24 597 2
RECT 982 603 999 627 2
RECT 792 748 812 770 2
RECT 426 42 455 72 2
RECT 944 925 967 956 2
RECT 516 415 537 436 2
RECT 106 899 127 926 3
RECT 832 102 861 132 2
RECT 38 728 64 759 1
RECT 202 590 211 620 4
RECT 795 801 818 813 2
RECT 242 62 273 84 1
RECT 592 691 621 721 7
RECT 170 617 181 641 2
RECT 580 546 611 560 1
RECT 981 703 999 735 2
RECT 644 196 675 228 2
RECT 627 610 655 623 2
RECT 653 0 677 28 2
RECT 231 95 240 127 4
RECT 236 345 247 376 4
RECT 182 920 213 947 2
RECT 97 936 126 962 3
RECT 933 987 950 999 2
RECT 160 298 192 326 6
RECT 378 663 408 692 6
RECT 223 431 244 463 4
RECT 288 818 315 847 2
RECT 220 268 252 293 4
RECT 496 204 524 228 2
RECT 598 494 620 524 7
RECT 726 192 758 211 1
RECT 794 59 824 89 2
RECT 889 857 910 886 2
RECT 385 278 411 304 2
RECT 396 227 428 248 2
RECT 506 970 523 996 2
RECT 75 317 89 341 3
RECT 136 78 168 87 4
RECT 40 805 71 837 1
RECT 161 648 193 673 4
RECT 432 556 464 575 2
RECT 767 274 796 304 2
RECT 594 48 626 80 2
RECT 36 706 65 731 1
RECT 55 880 87 912 6
RECT 191 74 208 95 4
RECT 497 548 525 577 2
RECT 563 799 579 830 4
RECT 740 138 771 168 2
RECT 145 615 169 645 4
RECT 884 725 904 748 1
RECT 120 394 142 426 6
RECT 443 416 469 443 3
RECT 359 417 387 439 7
RECT 542 603 563 618 2
RECT 500 900 526 930 2
RECT 755 446 779 466 7
RECT 188 828 214 845 2
RECT 295 44 318 58 3
RECT 469 297 492 319 7
RECT 904 346 922 371 3
RECT 244 96 258 117 3
RECT 38 254 66 277 1
RECT 667 300 699 329 2
RECT 440 499 464 525 2
RECT 714 853 733 885 2
RECT 694 552 724 567 2
RECT 261 120 283 152 7
RECT 493 112 514 134 2
RECT 490 318 508 342 2
RECT 672 458 701 480 2
RECT 800 994 832 999 1
RECT 319 6 347 36 2
RECT 0 98 24 130 2
RECT 476 88 490 104 6
RECT 639 287 671 303 2
RECT 303 890 335 921 2
RECT 417 375 439 394 2
RECT 479 130 502 151 1
RECT 53 981 78 999 1
RECT 374 323 395 351 2
RECT 487 731 510 756 2
RECT 283 794 314 825 2
RECT 473 594 495 611 2
RECT 753 42 768 73 2
RECT 125 527 139 553 4
RECT 702 840 731 868 2
RECT 956 330 988 359 2
RECT 202 201 228 227 4
RECT 957 668 973 698 4
RECT 945 850 977 880 6
RECT 495 394 523 413 2
RECT 792 297 816 325 2
RECT 215 335 237 367 6
RECT 626 918 657 943 1
RECT 264 651 279 678 2
RECT 505 488 521 515 2
RECT 513 145 545 177 2
RECT 95 313 125 326 3
RECT 430 130 460 162 2
RECT 269 226 289 246 1
RECT 164 396 193 407 6
RECT 414 171 435 202 2
RECT 122 308 146 319 6
RECT 700 316 719 340 3
RECT 711 237 731 267 2
RECT 924 286 953 300 2
RECT 651 560 682 570 1
RECT 965 893 986 907 3
RECT 2 238 18 262 2
RECT 642 371 666 381 4
RECT 575 51 605 69 4
RECT 155 249 183 267 5
RECT 205 957 236 985 2
RECT 620 348 651 364 3
RECT 4 25 35 48 2
RECT 271 875 291 886 6
RECT 433 817 453 846 2
RECT 658 589 687 618 2
RECT 674 881 690 901 3
RECT 574 481 594 491 3
RECT 761 87 785 108 4
RECT 39 465 70 482 1
RECT 963 197 977 213 1
RECT 791 675 823 693 2
RECT 668 743 685 763 7
RECT 846 63 876 94 2
RECT 137 899 166 922 5
RECT 279 980 310 999 2
RECT 633 412 651 424 2
RECT 900 240 930 261 2
RECT 736 391 755 413 2
RECT 978 527 999 539 2
RECT 197 318 224 336 6
RECT 632 42 657 74 6
RECT 758 2 779 32 2
RECT 276 68 296 93 1
RECT 182 434 201 464 2
RECT 266 455 278 485 7
RECT 758 419 789 445 2
RECT 872 774 889 797 1
RECT 431 613 462 628 2
RECT 399 934 431 939 1
RECT 747 529 777 561 2
RECT 530 302 545 317 2
RECT 700 802 727 816 2
RECT 744 644 775 671 2
RECT 966 27 979 55 1
RECT 611 275 640 305 2
RECT 833 675 861 696 4
RECT 985 392 999 412 2
RECT 809 817 828 835 4
RECT 761 830 793 860 2
RECT 424 411 450 435 3
RECT 194 250 210 266 5
RECT 330 110 359 127 3
RECT 608 799 639 812 2
RECT 338 688 358 714 2
RECT 207 214 226 237 5
RECT 155 218 176 246 4
RECT 548 846 561 877 1
RECT 113 778 131 807 1
RECT 937 161 953 177 1
RECT 520 88 535 106 1
RECT 533 799 558 819 2
RECT 133 784 161 806 2
RECT 884 702 915 715 2
RECT 89 12 101 37 3
RECT 957 297 988 324 2
RECT 911 936 941 968 2
RECT 398 247 413 278 4
RECT 2 320 26 342 2
RECT 136 412 156 438 4
RECT 618 535 638 567 2
RECT 762 309 782 330 2
RECT 159 785 186 805 7
RECT 343 732 372 753 6
RECT 111 669 143 691 1
RECT 670 373 699 387 5
RECT 441 396 472 422 3
RECT 968 57 999 71 2
RECT 835 222 856 245 7
RECT 386 610 408 628 2
RECT 254 117 276 147 4
RECT 648 54 672 61 7
RECT 365 567 390 596 4
RECT 710 189 742 219 2
RECT 324 403 342 418 4
RECT 906 504 937 527 2
RECT 928 564 960 588 7
RECT 908 29 936 54 1
RECT 283 347 307 361 2
RECT 408 485 440 505 6
RECT 114 99 141 129 4
RECT 0 514 25 533 2
RECT 71 605 75 636 1
RECT 233 411 245 429 5
RECT 895 942 910 957 6
RECT 170 430 185 460 4
RECT 122 847 145 865 2
RECT 495 985 524 999 1
RECT 572 47 582 74 2
RECT 256 306 276 329 4
RECT 144 35 172 46 2
RECT 720 58 740 89 2
RECT 33 331 60 363 1
RECT 103 2 133 33 2
RECT 487 552 504 578 2
RECT 990 175 999 204 2
RECT 477 488 505 518 2
RECT 466 679 484 709 2
RECT 393 578 419 593 4
RECT 84 707 104 737 3
RECT 102 860 123 877 3
RECT 321 168 340 195 4
RECT 222 481 245 493 7
RECT 847 744 865 774 2
RECT 6 426 25 448 5
RECT 337 981 347 999 1
RECT 974 85 999 112 2
RECT 188 809 208 817 1
RECT 33 0 54 28 1
RECT 69 555 88 584 3
RECT 162 548 194 564 4
RECT 660 788 676 803 2
RECT 885 131 896 159 1
RECT 688 29 708 56 2
RECT 866 653 897 683 2
RECT 453 74 468 98 2
RECT 276 462 308 477 4
RECT 41 907 71 927 1
RECT 37 30 58 61 1
RECT 615 328 647 337 2
RECT 299 268 325 290 4
RECT 871 392 902 407 3
RECT 785 941 811 951 6
RECT 317 247 340 270 3
RECT 618 503 630 535 3
RECT 458 199 477 230 2
RECT 825 24 852 56 2
RECT 256 539 274 571 5
RECT 109 635 123 665 1
RECT 458 989 489 999 2
RECT 670 493 700 523 2
RECT 841 351 872 382 1
RECT 539 312 569 339 7
RECT 370 760 401 780 7
RECT 219 317 234 334 2
RECT 960 246 985 257 6
RECT 875 315 892 331 6
RECT 768 350 783 364 3
RECT 131 197 157 213 6
RECT 63 396 80 426 1
RECT 263 730 293 740 2
RECT 934 756 964 771 6
RECT 413 754 443 772 1
RECT 600 422 625 439 3
RECT 357 648 378 676 4
RECT 128 707 140 724 2
RECT 139 629 152 658 5
RECT 748 567 775 599 2
RECT 401 677 428 706 4
RECT 755 124 781 141 4
RECT 610 548 619 575 7
RECT 373 591 383 621 4
RECT 123 440 129 468 6
RECT 545 931 564 962 2
RECT 684 403 696 428 2
RECT 953 165 974 195 2
RECT 555 86 572 117 3
RECT 870 278 895 304 2
RECT 186 273 207 304 6
RECT 418 642 446 659 2
RECT 907 774 916 805 1
RECT 421 789 452 818 6
RECT 626 287 647 304 3
RECT 407 985 426 999 2
RECT 245 314 260 333 6
RECT 587 110 605 128 2
RECT 373 360 403 392 2
RECT 173 167 196 199 7
RECT 920 150 932 172 2
RECT 29 154 37 186 2
RECT 239 446 262 457 1
RECT 441 774 470 783 2
RECT 648 864 670 895 1
RECT 463 862 476 892 2
RECT 777 243 798 267 2
RECT 389 862 407 872 7
RECT 44 234 73 258 1
RECT 816 515 844 543 2
RECT 357 26 373 42 3
RECT 577 256 609 278 2
RECT 933 363 944 386 2
RECT 554 397 578 420 2
RECT 228 948 251 959 1
RECT 335 504 355 529 4
RECT 530 886 557 901 2
RECT 817 746 848 766 4
RECT 656 410 677 420 1
RECT 706 768 737 776 1
RECT 214 748 236 765 3
RECT 900 313 925 345 2
RECT 90 58 110 86 3
RECT 129 529 149 540 3
RECT 94 567 126 596 3
RECT 654 8 672 32 7
RECT 475 454 500 476 2
RECT 871 487 890 506 1
RECT 327 67 355 96 2
RECT 921 264 953 287 1
RECT 658 723 673 751 2
RECT 798 335 808 361 7
RECT 414 538 435 560 4
RECT 897 833 922 860 2
RECT 154 686 179 706 1
RECT 348 783 379 803 2
RECT 176 51 195 71 1
RECT 632 683 638 709 7
RECT 876 137 886 165 2
RECT 620 222 642 254 2
RECT 576 41 605 46 4
RECT 164 85 191 93 6
RECT 657 660 669 684 2
RECT 617 966 640 990 1
RECT 864 914 889 937 2
RECT 50 39 65 69 2
RECT 39 569 59 593 5
RECT 495 827 526 854 2
RECT 692 578 719 601 2
RECT 464 229 496 242 1
RECT 162 811 184 838 2
RECT 572 447 603 476 2
RECT 5 593 36 625 2
RECT 893 811 922 825 1
RECT 237 629 262 650 2
RECT 159 105 187 128 4
RECT 657 632 665 658 2
RECT 255 486 267 518 5
RECT 574 315 593 332 2
RECT 89 660 107 676 2
RECT 38 66 45 88 1
RECT 276 501 291 530 4
RECT 216 816 230 835 1
RECT 66 99 85 127 1
RECT 758 197 786 206 2
RECT 780 432 801 461 2
RECT 783 845 800 867 7
RECT 453 89 479 101 1
RECT 347 682 362 696 6
RECT 989 689 999 712 2
RECT 912 12 932 27 2
RECT 14 54 27 75 7
RECT 536 4 560 27 1
RECT 867 889 897 897 2
RECT 345 475 367 503 7
RECT 455 381 474 390 2
RECT 490 152 518 178 2
RECT 960 609 977 630 7
RECT 467 732 491 740 3
RECT 105 475 123 503 3
RECT 161 288 180 310 0
RECT 987 138 999 169 2
RECT 368 89 396 105 2
RECT 526 824 558 851 2
RECT 74 794 83 826 3
RECT 374 651 386 676 7
RECT 79 128 111 154 3
RECT 658 96 677 112 3
RECT 39 917 49 944 2
RECT 145 494 174 522 4
RECT 1 358 9 390 2
RECT 331 366 344 397 2
RECT 724 241 739 260 1
RECT 628 801 658 833 2
RECT 910 673 931 692 1
RECT 583 232 615 263 2
RECT 0 78 18 103 2
RECT 340 56 370 81 2
RECT 221 779 232 803 3
RECT 129 415 140 446 2
RECT 883 512 905 544 2
RECT 282 262 298 278 6
RECT 477 50 509 61 2
RECT 280 327 291 354 6
RECT 767 465 788 477 2
RECT 324 451 339 465 7
RECT 101 978 126 999 3
RECT 205 279 219 296 6
RECT 290 423 321 447 4
RECT 661 155 693 186 2
RECT 140 593 148 605 2
RECT 372 407 402 418 3
RECT 17 500 43 511 6
RECT 545 53 566 72 1
RECT 507 799 531 816 2
RECT 610 952 639 969 2
RECT 464 935 495 964 2
JOKER 709 960 714 975
RECT 585 15 609 34 3
RECT 125 584 133 612 6
RECT 71 733 99 746 5
JOKER 875 636 971 636
RECT 736 964 743 992 6
RECT 37 603 51 632 1
RECT 76 455 87 479 3
RECT 295 173 308 188 6
RECT 329 863 361 875 1
RECT 640 461 670 485 2
RECT 953 640 975 666 7
RECT 314 839 336 866 2
RECT 453 519 475 538 3
RECT 635 744 660 761 2
RECT 206 96 231 121 7
RECT 813 280 844 290 1
RECT 494 461 526 493 2
RECT 961 961 987 971 4
RECT 951 89 973 120 2
RECT 564 607 593 623 2
RECT 163 56 174 73 4
RECT 224 297 252 316 4
RECT 945 961 960 986 2
RECT 860 572 881 587 1
RECT 937 466 968 497 2
RECT 552 488 573 497 2
RECT 252 573 274 598 4
RECT 230 653 262 669 4
RECT 411 453 418 479 4
RECT 398 163 430 170 6
RECT 436 778 465 789 1
JOKER 355 56 369 61
RECT 981 895 999 908 3
RECT 175 249 207 252 3
RECT 256 151 273 166 7
RECT 277 555 306 571 4
RECT 205 234 233 245 4
JOKER 794 790 811 794
RECT 974 941 995 953 2
RECT 128 910 147 921 1
RECT 82 855 99 876 6
RECT 328 0 358 21 1
RECT 640 311 659 320 4
RECT 162 669 191 700 1
RECT 694 287 719 315 2
RECT 967 482 985 499 2
RECT 640 69 665 73 7
RECT 979 746 998 766 2
RECT 440 464 452 493 2
RECT 266 109 293 117 1
RECT 634 429 653 460 5
RECT 215 582 222 608 5
RECT 732 724 751 756 5
RECT 113 757 129 786 1
RECT 247 938 279 961 2
RECT 819 604 842 631 3
RECT 125 888 141 896 2
RECT 800 147 825 174 2
RECT 930 773 942 798 1
JOKER 345 776 356 783
RECT 904 202 926 217 1
RECT 341 529 368 550 1
RECT 888 747 903 762 1
RECT 908 133 917 163 1
RECT 742 336 754 359 2
RECT 870 474 876 506 2
RECT 616 514 625 541 7
RECT 820 493 837 511 4
RECT 736 716 763 737 2
JOKER 625 385 673 386
RECT 823 404 850 429 2
RECT 246 187 261 216 4
RECT 44 551 76 559 1
RECT 4 782 35 786 5
JOKER 879 704 928 705
RECT 631 118 660 134 2
RECT 322 132 332 150 4
RECT 579 275 605 295 2
RECT 611 51 636 69 1
RECT 215 394 235 423 5
RECT 253 810 281 830 2
JOKER 294 676 339 677
JOKER 718 775 750 777
RECT 462 683 481 696 1
RECT 779 917 810 936 1
RECT 866 452 887 468 2
RECT 257 420 287 440 4
RECT 683 69 705 76 6
RECT 947 745 967 771 6
RECT 807 109 831 137 2
JOKER 678 437 697 441
JOKER 821 639 919 639
RECT 416 248 432 268 6
RECT 437 957 450 980 1
RECT 221 887 247 902 1
RECT 723 345 742 373 7
RECT 303 483 334 505 4
RECT 672 929 688 959 3
RECT 438 853 469 882 2
RECT 198 698 230 726 2
RECT 977 197 994 228 2
RECT 437 152 448 179 6
RECT 63 669 73 695 1
JOKER 188 649 287 649
JOKER 867 638 963 638
RECT 1 607 28 631 2
RECT 376 506 398 524 1
RECT 24 696 36 715 2
RECT 810 674 834 705 2
RECT 809 0 841 25 2
RECT 247 586 257 612 5
RECT 725 488 751 492 5
JOKER 638 50 650 56
RECT 77 267 81 292 3
RECT 494 737 502 758 1
RECT 201 447 220 457 6
RECT 111 121 128 148 4
RECT 192 546 211 557 3
RECT 833 973 841 999 2
RECT 418 304 444 320 2
RECT 7 171 22 187 6
RECT 528 189 554 215 2
RECT 752 677 784 708 2
RECT 274 433 281 462 6
RECT 707 381 732 393 5
RECT 46 378 73 383 1
RECT 322 110 337 133 3
RECT 39 151 67 155 3
RECT 418 186 434 196 1
RECT 216 364 222 386 6
JOKER 977 564 991 569
RECT 468 619 488 625 2
RECT 818 325 848 330 2
RECT 572 329 591 346 1
JOKER 358 558 390 560
JOKER 110 360 158 361
JOKER 350 714 382 716
JOKER 979 477 996 481
RECT 634 93 658 106 2
RECT 382 42 409 55 2
RECT 908 41 936 61 1
JOKER 819 332 867 333
RECT 203 166 225 180 4
RECT 945 326 970 342 1
RECT 188 119 214 148 4
RECT 275 140 284 163 4
JOKER 115 295 122 306
RECT 893 332 904 350 1
JOKER 472 229 568 229
RECT 153 938 178 956 2
JOKER 113 752 113 849
RECT 779 564 808 582 2
RECT 733 95 765 109 4
JOKER 685 479 733 480
RECT 115 231 119 263 1
RECT 885 114 908 123 6
RECT 26 337 38 364 2
RECT 169 471 196 494 6
JOKER 645 577 741 577
RECT 414 953 428 960 1
JOKER 374 41 471 41
RECT 809 657 835 671 2
RECT 76 103 93 114 6
JOKER 343 709 344 755
RECT 803 884 818 892 5
JOKER 680 218 724 219
RECT 75 730 83 746 3
RECT 550 196 566 205 4
RECT 968 929 999 936 4
RECT 839 595 864 622 3
RECT 706 148 719 173 2
RECT 227 592 250 621 3
JOKER 859 641 955 641
RECT 702 427 724 442 2
RECT 85 67 99 91 0
RECT 587 835 592 864 4
RECT 901 564 911 588 7
JOKER 901 560 996 560
RECT 818 39 830 57 7
JOKER 920 708 931 715
RECT 38 88 45 120 1
RECT 130 52 151 64 6
RECT 78 184 92 216 3
RECT 424 506 444 519 1
RECT 113 166 138 189 1
RECT 402 891 425 921 2
RECT 387 584 407 597 7
JOKER 689 568 735 569
RECT 426 861 454 869 7
RECT 541 703 573 729 7
RECT 674 367 700 376 4
RECT 849 810 864 823 4
JOKER 685 265 698 271
RECT 833 785 852 810 2
JOKER 754 641 845 641
RECT 441 450 468 459 2
JOKER 629 570 726 570
RECT 651 530 675 560 2
RECT 289 68 313 100 3
JOKER 560 1 606 2
RECT 944 462 955 478 7
RECT 665 936 673 955 1
RECT 486 777 507 789 1
JOKER 370 95 388 99
RECT 590 171 613 203 2
JOKER 26 948 120 948
RECT 322 254 350 263 5
RECT 862 204 891 234 2
RECT 288 529 320 547 4
JOKER 406 856 429 859
RECT 683 581 698 602 1
RECT 366 441 392 448 6
JOKER 38 144 38 240
RECT 112 77 137 89 4
RECT 161 94 172 125 0
RECT 247 836 259 844 6
JOKER 57 479 87 481
JOKER 588 984 637 985
JOKER 758 636 853 636
JOKER 363 121 411 122
RECT 43 452 65 471 2
JOKER 623 171 651 173
RECT 297 263 325 268 3
JOKER 113 945 117 963
JOKER 315 106 364 107
RECT 737 234 767 253 7
RECT 457 452 472 477 7
JOKER 379 829 473 829
RECT 295 244 321 252 3
JOKER 584 522 594 529
RECT 827 384 858 401 4
JOKER 262 40 286 43
RECT 5 305 29 335 2
RECT 947 788 956 809 6
RECT 243 346 267 359 2
RECT 911 455 931 476 2
RECT 974 397 984 417 6
RECT 2 718 28 736 5
RECT 846 165 865 176 1
JOKER 870 13 880 21
RECT 594 658 625 672 1
JOKER 117 29 122 44
JOKER 563 417 576 423
RECT 263 695 294 713 2
RECT 270 123 288 143 7
RECT 687 860 714 882 2
JOKER 400 514 409 523
JOKER 380 6 412 8
JOKER 229 672 251 675
RECT 300 67 306 92 1
JOKER 761 915 806 916
RECT 406 734 430 761 4
JOKER 855 544 860 559
RECT 428 49 456 59 1
JOKER 148 409 160 415
RECT 932 227 959 255 2
RECT 711 441 729 451 3
RECT 17 755 27 774 4
JOKER 86 199 95 208
RECT 956 134 968 164 2
RECT 837 182 868 214 2
RECT 205 869 233 900 2
RECT 38 278 69 305 1
RECT 725 754 753 760 2
RECT 364 297 377 310 1
JOKER 720 355 729 364
JOKER 544 502 568 505
JOKER 8 23 18 30
RECT 627 713 640 743 7
JOKER 427 622 436 631
RECT 824 613 836 620 0
JOKER 123 341 167 342
RECT 653 312 683 317 4
RECT 738 214 762 224 5
RECT 671 445 700 456 2
RECT 455 570 470 589 2
RECT 115 527 120 559 1
JOKER 935 697 944 706
RECT 415 533 429 552 1
JOKER 317 88 412 88
RECT 347 301 356 330 4
JOKER 754 637 848 637
JOKER 75 388 99 391
JOKER 425 664 472 665
RECT 466 979 474 999 1
RECT 171 917 193 938 6
RECT 389 714 400 729 1
RECT 115 897 119 928 1
RECT 640 0 656 17 2
JOKER 273 48 369 48
RECT 466 0 496 4 7
RECT 736 271 753 302 2
JOKER 137 359 234 359
RECT 551 152 560 172 3
RECT 409 342 415 368 2
RECT 436 934 456 941 1
JOKER 875 971 920 972
JOKER 115 596 119 614
RECT 223 335 245 342 4
RECT 851 50 862 74 1
JOKER 330 123 427 123
JOKER 897 98 904 109
RECT 67 51 76 80 1
JOKER 57 833 67 841
JOKER 291 850 304 856
JOKER 710 784 720 791
JOKER 181 794 188 805
RECT 152 15 164 30 4
JOKER 715 563 734 567
RECT 988 338 999 361 1
JOKER 101 456 114 462
RECT 665 519 678 547 2
JOKER 134 959 166 961
JOKER 308 52 404 52
RECT 827 212 841 232 1
RECT 967 495 978 522 2
JOKER 398 735 407 744
JOKER 296 43 384 43
JOKER 389 786 413 789
JOKER 360 583 374 588
JOKER 462 349 467 362
JOKER 176 266 195 270
RECT 230 190 251 201 1
RECT 463 169 476 186 1
RECT 924 850 939 874 6
JOKER 526 729 550 732
RECT 822 590 836 604 1
RECT 179 745 206 754 2
JOKER 511 808 555 809
JOKER 986 521 999 527
JOKER 573 986 664 986
JOKER 267 256 278 263
RECT 914 391 923 414 2
RECT 918 93 945 104 2
JOKER 663 149 672 158
JOKER 852 637 948 637
RECT 103 12 110 36 0
RECT 232 467 248 479 4
RECT 588 294 601 306 3
JOKER 636 578 728 578
RECT 283 204 315 226 4
RECT 338 222 362 243 4
JOKER 695 505 725 507
JOKER 757 431 768 438
RECT 13 726 21 753 4
RECT 651 336 683 364 3
RECT 870 973 875 999 2
JOKER 857 640 952 640
RECT 112 729 134 740 5
RECT 116 496 119 521 1
RECT 894 975 921 982 0
JOKER 562 5 575 11
RECT 285 612 297 633 1
JOKER 661 232 665 251
RECT 48 85 74 108 1
JOKER 721 403 814 403
RECT 476 212 489 224 6
JOKER 11 323 18 334
JOKER 430 491 433 515
JOKER 490 501 538 502
JOKER 236 243 266 245
JOKER 556 614 569 620
RECT 363 779 393 784 4
RECT 138 471 168 495 6
JOKER 866 690 884 694
RECT 163 26 180 42 2
JOKER 375 939 397 942
RECT 142 198 168 217 6
JOKER 906 721 907 759
JOKER 623 59 631 69
JOKER 937 482 964 484
JOKER 342 673 365 676
RECT 514 624 523 641 0
JOKER 724 519 734 527
JOKER 507 34 518 41
JOKER 366 393 464 393
JOKER 67 439 94 441
JOKER 804 874 812 883
RECT 2 271 19 284 2
JOKER 566 307 588 310
JOKER 188 795 210 798
JOKER 376 506 420 507
JOKER 527 74 555 76
JOKER 88 378 187 378
RECT 522 404 545 415 1
JOKER 507 307 516 316
JOKER 26 539 48 542
JOKER 390 599 411 602
RECT 310 752 342 784 2
JOKER 597 187 610 193
JOKER 574 649 577 673
RECT 192 523 206 538 1
RECT 445 793 463 823 2
RECT 532 35 564 42 6
JOKER 131 203 138 214
JOKER 248 284 269 287
JOKER 262 486 286 489
RECT 529 282 540 303 4
JOKER 302 669 351 670
JOKER 679 1 697 5
JOKER 80 516 85 530
JOKER 186 409 192 422
JOKER 63 644 71 653
RECT 823 13 840 22 4
JOKER 214 619 225 626
RECT 124 627 134 653 6
JOKER 269 524 282 530
RECT 742 789 766 818 2
RECT 904 101 923 112 4
JOKER 476 676 508 678
JOKER 0 735 2 766
JOKER 557 222 569 228
JOKER 778 758 784 771
RECT 645 239 653 257 1
JOKER 332 515 343 522
RECT 399 71 407 86 2
JOKER 595 134 606 141
RECT 358 550 387 552 4
JOKER 572 157 583 164
JOKER 710 108 720 115
JOKER 972 554 989 558
RECT 924 814 947 823 1
JOKER 110 418 123 424
JOKER 349 484 398 485
JOKER 488 290 516 292
JOKER 335 397 347 403
JOKER 631 387 725 387
JOKER 694 222 716 225
JOKER 124 187 129 202
JOKER 135 248 146 255
JOKER 102 154 149 155
JOKER 904 341 918 346
RECT 601 480 617 496 3
JOKER 652 48 665 53
JOKER 653 187 701 188
RECT 391 144 397 162 6
JOKER 935 223 967 225
JOKER 5 978 53 979
JOKER 633 641 642 649
RECT 76 398 85 427 3
JOKER 434 666 459 668
JOKER 736 412 768 414
JOKER 29 919 52 922
JOKER 467 230 512 231
JOKER 113 269 114 316
JOKER 514 654 514 746
JOKER 686 493 713 495
JOKER 74 543 83 552
RECT 1 718 4 750 2
JOKER 648 330 697 331
RECT 835 495 859 516 2
JOKER 832 39 837 54
JOKER 573 204 582 213
JOKER 976 633 991 638
RECT 115 266 119 290 1
RECT 805 369 828 383 1
JOKER 120 171 197 171
JOKER 5 395 16 402
JOKER 304 289 323 293
RECT 660 987 685 999 1
JOKER 201 968 218 972
RECT 921 427 936 447 6
JOKER 148 935 197 936
JOKER 336 481 366 483
RECT 685 523 694 533 0
JOKER 385 394 434 395
RECT 806 708 825 735 2
JOKER 573 536 578 549
JOKER 73 655 105 657
RECT 293 313 325 344 4
JOKER 113 167 142 169
JOKER 500 625 507 635
JOKER 247 388 251 407
RECT 490 152 505 163 4
JOKER 376 2 424 3
RECT 732 542 745 552 4
RECT 84 747 98 767 3
JOKER 311 12 406 12
JOKER 77 199 85 209
JOKER 115 379 206 379
RECT 1 922 14 941 2
JOKER 463 642 495 644
RECT 483 521 489 547 2
JOKER 129 95 148 99
RECT 549 380 569 393 0
JOKER 796 235 819 238
JOKER 363 654 460 654
JOKER 70 393 168 393
RECT 246 69 250 101 3
JOKER 194 557 237 558
RECT 175 946 193 974 2
JOKER 194 124 225 126
JOKER 739 580 762 583
JOKER 290 423 333 424
JOKER 428 696 452 699
JOKER 21 454 67 455
JOKER 239 676 288 677
JOKER 513 440 523 448
JOKER 12 947 108 947
JOKER 917 230 943 232
JOKER 116 938 215 938
RECT 113 978 119 999 1
JOKER 899 554 931 556
JOKER 560 977 574 982
JOKER 824 423 840 427
JOKER 839 896 858 900
JOKER 0 538 0 619
RECT 193 39 205 64 4
JOKER 225 382 244 386
JOKER 847 682 896 683
JOKER 656 511 755 511
RECT 656 761 674 791 2
JOKER 547 397 595 398
JOKER 99 191 122 194
RECT 152 245 182 251 3
JOKER 619 637 643 640
JOKER 212 387 309 387
JOKER 874 512 875 561
JOKER 405 144 430 146
JOKER 203 269 219 273
JOKER 338 784 370 786
JOKER 566 313 615 314
RECT 799 453 812 484 0
JOKER 958 629 975 633
JOKER 633 651 643 659
RECT 60 807 75 829 1
JOKER 975 740 988 746
JOKER 885 311 896 317
JOKER 789 514 795 526
RECT 7 966 20 983 0
JOKER 9 902 37 904
JOKER 884 825 908 828
JOKER 9 653 18 662
JOKER 533 219 546 225
JOKER 867 98 874 109
JOKER 112 748 144 750
JOKER 913 917 956 918
JOKER 596 99 599 123
RECT 285 286 292 314 6
JOKER 270 212 283 218
RECT 657 694 676 723 2
RECT 275 419 287 446 6
JOKER 876 405 903 407
RECT 116 5 121 34 3
JOKER 349 220 355 233
JOKER 950 643 982 645
JOKER 844 217 858 222
JOKER 363 866 369 878
JOKER 164 153 188 156
RECT 531 42 559 53 3
RECT 990 256 999 284 4
JOKER 888 702 926 703
RECT 766 180 785 196 4
RECT 113 868 117 898 2
JOKER 841 727 847 740
JOKER 230 14 326 14
RECT 305 479 319 494 0
JOKER 891 933 900 942
JOKER 358 116 390 118
JOKER 71 706 166 706
JOKER 190 510 210 513
JOKER 262 394 271 402
JOKER 749 638 780 640
JOKER 631 667 638 678
RECT 116 694 120 721 1
JOKER 9 906 39 908
RECT 65 574 74 604 1
JOKER 474 66 521 67
JOKER 490 58 503 64
RECT 264 70 281 85 3
RECT 116 207 119 231 1
JOKER 962 522 964 554
JOKER 379 165 383 183
JOKER 154 559 164 567
JOKER 312 108 402 108
JOKER 74 512 93 516
RECT 743 122 753 137 4
JOKER 682 303 695 309
JOKER 979 182 988 191
JOKER 711 509 754 510
JOKER 84 803 95 810
JOKER 550 866 560 874
RECT 124 274 153 283 6
JOKER 906 559 991 559
JOKER 767 966 796 968
JOKER 772 995 796 998
JOKER 282 572 330 573
JOKER 222 569 237 574
JOKER 295 41 344 42
JOKER 333 73 346 79
JOKER 704 486 753 487
JOKER 665 180 713 181
JOKER 431 222 441 230
JOKER 653 191 656 214
RECT 76 79 81 110 3
JOKER 295 381 314 385
JOKER 902 603 908 614
JOKER 679 651 725 652
JOKER 59 897 72 903
JOKER 367 562 395 564
JOKER 492 132 537 133
JOKER 797 666 810 672
JOKER 317 431 348 433
JOKER 112 398 122 404
JOKER 210 628 214 647
JOKER 8 134 40 136
RECT 747 354 751 373 4
JOKER 202 404 209 413
JOKER 470 667 479 675
JOKER 846 4 895 5
JOKER 124 163 171 164
JOKER 55 909 102 910
RECT 911 6 922 16 6
JOKER 213 401 216 420
JOKER 120 368 218 368
RECT 970 166 999 176 1
RECT 945 0 960 27 2
JOKER 543 716 639 716
JOKER 194 671 290 671
JOKER 399 608 416 612
JOKER 221 693 312 693
JOKER 539 474 563 477
JOKER 87 717 103 721
JOKER 126 570 156 572
JOKER 833 262 852 266
JOKER 606 834 654 835
JOKER 34 952 80 953
RECT 384 698 401 714 4
JOKER 685 499 693 508
JOKER 836 15 842 28
JOKER 712 887 736 890
RECT 193 827 202 836 6
JOKER 167 565 186 569
RECT 926 25 931 56 2
RECT 530 981 556 999 2
RECT 847 575 859 590 2
RECT 535 590 559 596 1
RECT 37 477 62 487 7
JOKER 814 643 854 644
JOKER 923 556 966 557
JOKER 643 744 692 745
JOKER 494 192 501 203
JOKER 31 526 80 527
JOKER 328 351 338 359
JOKER 30 678 43 684
JOKER 614 439 644 441
JOKER 371 61 374 85
JOKER 303 678 396 678
JOKER 768 334 813 335
JOKER 397 472 405 482
JOKER 41 507 48 518
RECT 512 72 519 102 2
RECT 569 362 583 369 7
JOKER 98 630 116 634
JOKER 928 646 977 647
RECT 455 244 486 252 2
JOKER 821 419 844 422
JOKER 708 395 732 398
RECT 832 828 861 859 2
JOKER 285 171 297 177
RECT 146 656 168 688 4
JOKER 838 695 841 718
JOKER 826 240 843 244
RECT 78 677 96 702 4
RECT 229 799 259 812 2
JOKER 136 61 155 65
RECT 681 247 709 264 1
JOKER 620 436 645 438
JOKER 421 183 444 186
JOKER 444 803 450 816
JOKER 715 277 736 280
JOKER 758 957 782 960
RECT 781 879 801 896 2
JOKER 22 677 120 677
RECT 569 218 594 250 2
JOKER 866 558 965 558
JOKER 550 393 572 396
JOKER 371 771 419 772
JOKER 410 655 454 656
RECT 576 232 583 250 7
RECT 814 932 830 942 4
JOKER 616 411 639 414
JOKER 649 126 659 133
JOKER 67 619 69 644
RECT 345 737 358 755 1
JOKER 357 556 398 557
JOKER 733 653 782 654
JOKER 303 129 322 133
JOKER 915 75 917 104
JOKER 146 550 161 555
JOKER 507 810 586 810
RECT 32 810 51 840 1
JOKER 438 43 528 43
JOKER 668 432 695 434
JOKER 269 366 282 372
JOKER 346 131 391 132
JOKER 57 0 156 0
JOKER 659 333 690 335
JOKER 9 424 54 425
JOKER 328 201 339 208
JOKER 650 68 748 68
JOKER 194 297 203 306
JOKER 510 328 523 334
JOKER 664 6 682 10
JOKER 24 709 71 710
JOKER 90 195 122 197
JOKER 849 655 893 656
JOKER 839 215 882 216
JOKER 93 392 184 392
JOKER 138 173 237 173
JOKER 19 925 26 935
JOKER 91 394 168 394
JOKER 791 795 834 796
JOKER 124 934 126 963
JOKER 348 505 444 505
RECT 226 133 238 164 4
JOKER 532 471 561 473
JOKER 441 745 444 767
JOKER 712 331 726 336
JOKER 142 968 160 972
JOKER 668 10 686 14
JOKER 693 419 741 420
RECT 326 835 357 865 2
JOKER 399 310 496 310
JOKER 521 77 532 84
JOKER 408 877 440 879
JOKER 643 217 740 217
RECT 849 400 879 423 6
RECT 938 403 970 417 2
JOKER 288 568 335 569
JOKER 821 389 831 397
JOKER 295 22 391 22
JOKER 43 74 56 80
JOKER 502 238 517 243
JOKER 21 452 66 453
JOKER 766 645 776 653
JOKER 332 581 381 582
JOKER 411 612 420 621
JOKER 504 44 519 49
JOKER 537 983 548 990
JOKER 478 321 489 328
JOKER 690 152 714 155
JOKER 711 663 720 671
RECT 850 450 863 464 2
RECT 732 35 759 66 2
JOKER 803 818 827 821
JOKER 546 710 644 710
JOKER 946 769 991 770
RECT 475 2 497 15 7
JOKER 748 849 766 853
JOKER 352 137 384 139
JOKER 177 40 209 42
JOKER 98 479 113 483
JOKER 6 437 30 440
JOKER 244 39 326 39
RECT 643 388 653 419 2
RECT 727 77 732 108 2
JOKER 447 394 494 395
JOKER 398 44 429 46
RECT 190 895 214 923 2
JOKER 769 738 790 741
JOKER 726 718 733 729
JOKER 713 0 802 0
JOKER 117 395 203 395
JOKER 460 244 553 244
JOKER 584 55 592 65
JOKER 36 318 46 325
RECT 394 810 425 827 2
JOKER 794 493 813 497
JOKER 347 473 361 478
JOKER 833 179 856 182
JOKER 123 130 132 139
JOKER 144 527 147 549
RECT 270 604 273 631 3
JOKER 320 269 341 272
JOKER 91 574 188 574
RECT 674 86 692 116 2
JOKER 424 562 431 572
JOKER 32 396 40 406
JOKER 872 129 968 129
JOKER 905 973 928 976
JOKER 373 489 405 491
JOKER 808 322 857 323
JOKER 296 894 314 898
RECT 48 761 75 789 1
JOKER 304 108 310 121
JOKER 290 188 389 188
JOKER 311 964 330 968
JOKER 392 339 402 347
JOKER 796 260 801 274
JOKER 862 168 868 181
JOKER 284 60 308 63
JOKER 952 926 998 927
JOKER 934 492 936 522
JOKER 460 601 464 620
JOKER 245 305 288 306
JOKER 464 559 476 565
JOKER 370 375 373 397
JOKER 188 94 285 94
JOKER 310 969 323 975
JOKER 61 569 84 572
JOKER 22 848 25 871
JOKER 723 615 732 623
JOKER 511 528 517 540
JOKER 196 505 213 509
JOKER 662 738 669 749
JOKER 844 590 858 595
JOKER 46 54 75 56
JOKER 160 174 204 175
RECT 673 899 683 927 3
JOKER 388 891 392 910
JOKER 909 689 928 693
JOKER 325 17 423 17
JOKER 779 404 797 408
JOKER 780 84 799 88
JOKER 231 998 277 999
JOKER 270 781 276 794
RECT 0 195 24 225 2
RECT 33 849 40 873 1
JOKER 344 84 368 87
JOKER 510 52 519 61
JOKER 339 486 429 486
JOKER 113 652 113 750
JOKER 364 164 370 176
JOKER 409 787 420 794
JOKER 848 702 857 711
JOKER 870 22 901 24
JOKER 703 97 799 97
JOKER 270 872 301 874
JOKER 578 630 591 635
JOKER 892 584 896 602
JOKER 966 721 975 730
JOKER 886 387 905 391
JOKER 728 773 776 774
JOKER 261 620 265 637
JOKER 366 725 371 740
JOKER 457 533 472 538